128971
129463
129726
130002
130038
130112
130339
130380
130532
130561
130602
130674
130810
130989
131008
131064
131081
131103
131152
131155
131720
131754
131765
132420
132450
132515
132575
132591
132968
132984
133058
133206
133223
133270
133448
133534
133740
133778
133789
133976
134032
134065
134090
134161
134230
134310
134589
134667
134669
134737
135001
135136
135201
135268
135540
135594
135654
135724
135734
135784
136213
136603
136661
136766
136858
137072
137149
137243
137245
137319
137522
137800
137941
137983
138037
138047
138056
138083
138101
138106
138245
138314
138439
138471
138543
138617
138694
138732
138785
138789
138834
138841
138856
139001
139034
139134
139337
139406
118590
127592
129891
131493
136164
136340
137668
117760
127323
127427
118704
126321
128970
129456
116213
116426
117364
117827
118388
119208
119352
119586
119752
120269
120301
121677
122814
123466
124267
125877
126208
127545
127759
128603
129373
129588
130525
131239
131607
131993
133585
134885
135317
136520
136846
137739
138012
138544
138774
138796
116241
116573
116821
117445
117659
119179
119237
120283
121741
122111
123044
123441
123502
123809
123902
126653
128455
128845
131656
131786
132568
134381
134412
134461
134566
135691
135800
135902
136176
136237
137315
137741
139340
120812
121061
121364
121444
121553
121879
121970
122000
122133
122478
122982
123102
123839
124002
124137
124277
124711
124871
125037
125246
125636
125808
125851
125854
125994
125999
126181
126514
126615
126633
126635
126636
126772
126953
127368
127844
127952
128167
128584
128733
129448
129732
129772
129803
129814
129887
129901
129965
129989
130069
130125
130387
130402
130510
130550
130729
130949
131087
131165
131239
131410
131478
131870
131915
132444
132578
132710
132728
133038
133303
133309
133314
133365
133588
133602
133874
133894
133966
134024
134135
134163
134188
134415
134476
134672
134902
135302
135337
135440
135464
135495
135537
135618
135677
135750
135902
135958
136095
136159
136185
136448
136471
136529
136793
136825
137001
137039
137046
137098
137377
137502
137521
137525
137681
137694
137731
137799
137844
137942
137969
137984
138028
138060
138082
138206
138291
138305
138523
138550
138571
138574
138666
138681
138690
138716
138756
138827
139163
139233
139250
139358
122525
124042
126598
129793
130929
117290
119441
121844
133529
119756
128643
137582
117491
117520
118314
118623
118736
119227
120115
120836
120976
121096
121388
121585
122299
124129
124243
126278
128249
128691
128979
129435
129489
129963
130180
131013
131021
131832
132125
132821
133294
133834
134271
134504
134836
135253
135406
136802
136854
136899
137311
137660
137808
137816
138630
138932
139255
133463
23178
117288
117971
118668
118971
119082
119776
119964
120037
120038
120095
120811
121695
121882
124662
124688
125147
125828
129340
129460
129568
129845
130683
131763
131948
132698
133214
134584
134592
137177
138277
138456
139084
139089
139111
139312
139345
23210
117815
119886
122325
122976
123116
123588
123843
124035
124580
124639
124662
125278
125302
125395
125744
125789
125995
126098
126178
126267
126327
126399
126459
126480
126482
126621
127001
127040
127147
127359
127741
127972
128304
128341
128509
128531
128605
128843
128979
129123
129248
129741
129809
129912
130160
130195
130333
130341
130521
130649
130691
130870
130922
130935
130957
131125
131175
131225
131264
131464
131506
131689
132027
132148
132224
132283
132321
132487
132561
132576
132648
132714
132861
132958
133059
133345
133763
133933
134123
134203
134332
134334
134501
134530
134580
134684
134773
134774
134880
135209
135287
135450
135581
135634
135661
135687
135773
135775
135807
135832
136030
136042
136104
136110
136209
136249
136279
136288
136290
136446
136454
136474
136752
136807
136808
136874
136889
136945
136961
137008
137066
137094
137099
137129
137163
137300
137356
137369
137371
137387
137407
137425
137441
137446
137463
137484
137583
137605
137670
137755
137791
137959
137993
137999
138131
138140
138151
138170
138179
138319
138372
138403
138418
138455
138552
138593
138619
138647
138705
138784
138819
138859
138909
138916
138981
138997
139005
127016
136305
122552
124654
126861
128743
131013
138641
134573
137032
138183
138453
21568
116297
117256
118433
119489
119610
119781
120533
120636
120940
122170
123479
123953
124312
125217
125383
128475
129518
130018
131854
132828
132859
133655
134178
135732
136635
136707
136769
137609
137812
137814
138709
138949
21030
117209
118183
118282
119318
119587
119716
120052
120650
121568
121947
122527
123021
124575
125241
126718
130066
130276
130567
132074
133274
133821
135208
135952
136342
137118
137413
137478
137495
138396
139094
22551
23120
23261
117721
117736
117758
118257
118596
120753
121125
121481
121901
122131
122247
122327
123434
123805
123855
123953
124011
124443
124538
124765
124879
124998
125213
125226
125245
125692
125914
125990
126295
126386
126689
126696
126933
126959
127181
127498
127522
127576
127624
127739
127916
127935
128096
128169
129159
129350
129518
129822
129836
129928
129932
130097
130169
130207
130275
130428
130688
130732
130766
130803
130914
130925
131495
131502
131526
131646
131842
131851
131878
131904
132074
132103
132135
132324
132453
132457
132494
132509
132553
132655
132706
132996
133094
133114
133215
133353
133475
133646
133693
133696
133795
133822
133856
133869
133895
133983
134030
134072
134114
134434
134450
134499
134595
134621
134694
134712
135166
135222
135335
135620
135671
135732
135771
135852
135964
135968
135976
135979
136005
136268
136322
136338
136392
136635
136652
136684
136711
136717
136791
136795
136843
136937
136968
136988
137119
137147
137166
137190
137447
137478
137581
137593
137663
137699
137716
137721
137724
137746
137757
137788
137790
137803
137821
137870
137885
137893
137971
137991
138013
138050
138162
138166
138211
138287
138365
138387
138404
138411
138438
138442
138494
138521
138642
138708
138773
138788
138804
138840
138883
139054
139061
139082
139188
139316
139356
133475
136463
137697
136215
123479
137159
118118
119134
119506
121040
124306
125724
135072
116124
116409
116417
117253
117478
117683
118978
119275
119377
119409
120362
120983
121232
121344
123269
126002
126708
126769
128988
129508
130680
130713
132460
134441
135969
137604
137713
20741
22903
116133
116247
116963
118144
118365
119102
120340
120830
123108
124795
125175
125301
127646
128523
130295
130678
131936
132054
133595
133661
133831
134025
134680
134870
135448
137165
137532
138228
138289
138469
138700
139100
139374
139402
22903
22950
116086
116493
118365
118532
118894
118914
120228
120966
121053
121100
121601
121613
121765
122101
122321
122548
122815
122948
123068
123350
123420
123776
124048
124147
124233
124373
124441
124445
124620
124795
124951
126471
126603
126708
126854
126910
126990
127026
127085
127278
127302
127388
127452
127500
127590
127614
127625
127743
127927
128021
128203
128351
128417
128440
128804
128828
128947
129030
129257
129293
129400
129413
129594
129692
129810
129817
130397
130407
130457
130713
130781
131095
131235
131384
131668
132090
132101
132274
132288
132476
132491
133140
133169
133322
133325
133351
133472
133489
133541
133595
133624
133729
133746
133786
133809
133839
133890
133927
133936
133981
134046
134064
134081
134118
134120
134189
134265
134365
134408
134521
134553
134604
134662
134680
134769
134866
134964
135099
135290
135414
135592
135745
135751
135803
135825
135888
135925
136004
136007
136082
136115
136192
136253
136341
136423
136458
136542
136550
136569
136677
136883
136939
137037
137059
137113
137167
137266
137305
137368
137395
137545
137554
137650
137801
137826
137912
137914
137923
137994
138011
138059
138124
138150
138164
138186
138187
138217
138307
138311
138450
138466
138589
138608
138609
138638
138739
138749
138924
139091
139107
139122
139139
139325
139357
122973
125586
126618
129787
136151
137547
127222
134727
137691
116493
124440
129693
117562
118234
119243
119667
120318
120328
120376
120553
121121
129333
129397
129423
129512
130534
131394
132826
133346
133751
134247
134540
135226
136068
136710
137044
137057
137658
117537
117791
117831
118322
118364
118463
119324
119627
120478
121246
122400
123620
123827
123901
125435
126709
127706
128600
129003
129994
130024
131297
132260
132740
133007
133251
133408
135089
135147
135153
135666
136467
137005
137378
137229
20907
22998
23118
23276
118497
120510
121137
121213
121868
121953
122006
122888
123138
123527
124008
124074
124390
124550
124600
125021
125028
125269
125275
125396
125420
125733
126123
126192
126200
126255
126391
126684
126940
127229
127373
127706
127846
127881
128297
128414
128501
128514
128987
129061
129066
129096
129186
129540
129642
130109
130117
130363
130869
130991
131066
131139
131170
131394
131404
131482
131487
131499
131533
131562
131568
131608
131921
132196
132332
132441
132449
132475
132488
132555
132567
132618
132642
132818
132867
133004
133216
133228
133363
133411
133495
133657
133707
133867
133892
134001
134158
134541
134547
134558
134598
134736
134986
135298
135438
135680
135729
136049
136157
136188
136219
136228
136333
136386
136519
136553
136564
136588
136606
136784
136815
137052
137182
137207
137234
137246
137252
137256
137258
137320
137587
137597
137608
137682
137726
137872
138090
138258
138309
138313
138473
138554
138713
139026
139142
139279
126364
135063
136206
133124
136180
137257
119250
138398
21319
116205
117234
117563
118327
119843
119853
119873
122166
122258
122706
123343
123452
123923
124517
124798
126931
128242
128532
129449
129630
130433
130856
131279
133218
133336
133597
134067
134080
134269
134330
134356
135283
135785
135973
136273
136765
136841
136994
137197
137674
137750
139172
116191
116794
116910
117061
118434
118847
119675
120152
121925
123217
124525
124695
124935
126940
127169
127310
128062
128128
129621
130605
130758
130864
132737
135711
136295
136551
136759
137041
137474
138410
138527
23011
23017
23036
23271
116429
117052
118095
118405
122398
123081
123276
123460
123634
123889
124123
124156
124240
124269
124325
124391
124399
124524
124650
125073
126206
126216
126837
126939
127027
127132
127261
127401
127506
127585
127641
127665
128116
128175
128355
128433
128500
128666
128836
129347
129622
129808
130179
130323
130607
130638
130723
130764
130769
130840
130969
130970
131187
131210
131612
131665
131788
131856
131951
132533
132548
132645
132727
132733
132983
133110
133307
133316
133388
133430
133492
133745
133772
134043
134142
134317
134394
134467
134508
134528
134561
134576
134607
134649
134750
134777
134949
135283
135578
135684
135693
135748
135776
135793
135981
136037
136051
136087
136181
136232
136269
136509
136525
136617
136620
136675
136744
136831
137035
137101
137123
137292
137343
137366
137486
137698
137709
137744
137920
137927
138067
138224
138247
138345
138347
138386
138420
138440
138444
138538
138616
138755
138826
138873
138921
138989
139010
139099
139113
139154
139198
139304
139306
139372
22938
119572
125073
125300
139202
21923
121429
124156
126606
133111
121329
122413
128578
136756
138158
20899
117514
118235
118838
118918
119184
119198
119205
121997
122128
122687
124037
124038
124229
126512
127047
127466
129429
129537
130750
131605
131956
132234
133295
134873
134916
135098
135257
135293
135663
136039
136636
136817
136944
137053
137260
137469
137590
137766
138075
138803
138893
138907
139016
139242
139298
139314
116203
117040
117205
118983
119215
119504
119626
119710
119835
120085
120100
120648
120738
121318
121524
122293
123954
124223
124556
124656
126160
126848
127014
127825
128502
128764
129223
131548
132318
132350
132566
133031
133136
135031
135588
136957
137029
137050
137477
137595
138640
138658
22662
22760
22929
22945
23008
23206
118159
118795
118871
119817
120792
121157
121691
121852
121939
122165
122240
122838
123842
123919
123954
124451
124465
124552
124630
124656
125279
125328
125401
125750
125992
126333
126572
126643
126674
126685
126694
126895
126962
127193
127393
127497
127615
127793
127825
127885
127923
128037
128069
128170
128371
128735
128764
129016
129228
129537
129592
130021
130308
130454
130458
130459
130982
131602
131666
131718
131734
131796
131855
131895
132137
132165
132318
132349
132396
132542
132620
132694
133181
133254
133323
133533
133549
133559
133600
133741
133806
133977
134062
134148
134218
134262
134278
134459
134494
134534
134587
134631
134660
134760
134858
134984
134997
135000
135017
135025
135098
135105
135200
135420
135834
135919
135924
135943
135983
136258
136350
136485
136498
136583
136641
136816
136909
136942
136944
136995
137029
137060
137092
137128
137164
137173
137286
137393
137475
137526
137638
137673
137693
137819
137847
137890
137897
138010
138014
138039
138061
138073
138117
138225
138332
138358
138377
138415
138566
138670
138697
138699
138738
138754
138845
138892
138991
139016
139018
139078
139130
139212
139215
139220
139329
139371
118538
121880
131917
137290
134520
136189
137400
122504
123842
133857
133865
136966
137069
116223
116901
116919
116941
119270
119811
119881
120139
120453
120499
120505
121751
122144
122263
122943
123454
123573
123617
124094
128693
129526
130102
130356
130379
130535
131367
132753
132886
132905
133287
133478
134855
135503
135817
136730
136809
136865
136964
137102
137667
137733
137743
138069
138175
138357
138500
138915
139051
139275
21202
21404
23094
23095
116138
116803
116847
117172
117580
117759
117811
118029
118100
118956
118981
119721
119876
120243
120401
121210
121770
123060
123410
124261
124844
128219
128812
130122
130344
131133
131156
131349
132626
132931
133269
134082
134516
134853
135779
136267
136312
136432
136576
137374
137404
138036
138516
138858
139106
139150
139173
21953
23100
117172
117907
118002
118104
120817
120827
120948
121913
122060
122144
122263
122631
122964
123711
123731
123840
123853
124046
124157
124261
124382
124411
124602
124632
124645
124816
125020
125399
125438
125567
125623
125749
125868
126370
126384
127629
128015
128038
128039
128093
128164
128255
128340
128385
128884
129023
129044
129211
129255
129266
129290
129337
129382
129603
129819
130008
130032
130090
130196
130356
130358
130379
130535
130594
130624
130679
130787
130904
131097
131098
131314
131349
131350
131352
131392
131652
131707
131862
132421
132701
132810
132898
132919
133100
133164
133177
133193
133465
133524
133738
134013
134110
134112
134497
134658
134808
134878
134886
134943
135077
135366
135503
135555
135563
135593
135610
135676
135679
135710
135715
135717
135727
135742
135841
135927
135941
136022
136023
136121
136167
136175
136196
136250
136303
136307
136353
136511
136522
136650
136656
136839
136875
136890
136911
136938
136959
137024
137061
137080
137317
137321
137388
137444
137458
137459
137460
137470
137610
137615
137669
137671
137707
137818
137833
137867
137877
137909
137939
138023
138046
138092
138093
138152
138200
138215
138222
138235
138248
138281
138283
138300
138302
138310
138315
138323
138357
138361
138421
138423
138427
138579
138587
138604
138750
138800
138812
138830
138847
138868
138881
138884
138885
138934
138956
138962
138977
139031
139093
139119
139181
139317
139390
118269
125498
136912
117625
118717
125225
127516
131833
138448
138929
117661
118574
131880
132686
136580
137331
138474
22960
117397
118378
119603
119757
121330
122658
123747
123870
124041
124722
124822
126877
128253
129218
130370
131809
132094
133241
133508
133580
135700
135777
136067
136737
137911
138173
138460
138737
116082
117203
117418
118139
118830
119161
121517
121566
121576
122196
123283
123628
124154
131302
132537
133664
134509
134921
137552
138607
139055
139157
21968
22923
22960
23146
23147
116668
117443
118572
119757
120089
121494
121985
122035
122146
122425
122559
122629
122764
122791
123870
124012
124329
124394
124790
124900
125026
125038
125476
125478
125969
126186
126365
126677
126701
126714
126748
127331
127357
127403
127526
127653
127854
128133
128187
128190
128430
128487
128580
128933
129218
129225
129296
129439
129673
129694
129718
129753
129889
130367
130591
130735
130800
130906
130910
130987
131024
131065
131221
131301
131544
131673
131709
131902
132053
132117
132510
132545
132619
132769
132797
132857
132999
133330
133480
133536
133755
133834
133843
134045
134068
134074
134295
134344
134448
134655
134867
134968
135014
135047
135146
135192
135241
135396
135441
135463
135580
135622
136036
136163
136366
136401
136425
136674
136696
136775
136799
136975
136993
137112
137250
137271
137466
137480
137551
137761
137823
137859
137935
137967
138107
138127
138178
138213
138246
138251
138348
138382
138426
138441
138584
138585
138600
138743
138771
138852
138890
138945
138955
138976
139184
139244
139246
139347
139364
139373
129875
137372
139219
121806
125694
134700
127306
21789
22596
22966
22968
22969
22970
22971
22972
116389
118964
119089
119396
119664
120030
120062
120506
120688
121522
121734
122966
123532
124520
124539
125425
126272
126590
126947
127211
128770
129824
130754
132371
132653
133570
133938
133939
134214
135534
135955
136086
136521
137934
138772
139038
139273
118890
119419
119458
119676
120001
120989
121131
121798
121861
122998
123753
124258
125431
127254
127496
127732
128515
129445
129940
130855
131996
132816
132894
134216
137015
137318
20471
20828
22596
22597
22916
23046
120506
120620
121128
121316
121760
122116
122952
124093
124098
124385
124549
125015
125089
125320
125368
126305
126735
126813
126996
127329
127493
127596
127679
128067
128097
128687
129165
129247
129495
129522
129628
129717
130273
130301
130328
130590
130595
130666
130966
130977
131028
131029
131158
131253
131436
131538
131543
131582
131629
131761
131896
131959
132206
132257
132405
132411
132503
132532
132608
132889
132957
132970
133036
133293
133432
133452
133484
133576
133620
133627
133735
133748
133798
133838
133995
134016
134098
134109
134128
134164
134212
134221
134319
134463
134625
134709
134792
134797
134801
134823
134862
134896
134988
134993
135538
135554
135559
135571
135790
135871
135987
136041
136058
136143
136150
136220
136301
136416
136424
136521
136532
136572
136615
136778
136960
136990
137278
137376
137385
137414
137437
137529
137623
137745
137765
137835
138002
138003
138115
138167
138384
138391
138488
138504
138537
138558
138577
138580
138627
138695
138813
138831
138922
139048
139140
139208
139218
139241
139350
117567
124642
127753
131736
136314
137561
138476
20903
23233
118448
121316
122440
125289
130566
135380
136197
127732
134398
137022
118135
118382
119487
121065
121523
121793
122135
122393
123523
124138
124384
126389
126836
128259
129198
129624
130793
130884
131728
133313
134185
134850
134928
136097
136145
136252
136291
136496
136845
136922
137858
139216
20896
116237
116308
117067
117128
117630
118277
118376
119439
119782
120091
120137
120573
121603
123858
124199
124589
124973
129440
130828
131713
132485
133175
133362
133513
133884
134095
135430
135662
135886
136976
137122
137277
137370
137379
138360
138416
139024
21019
22921
23088
23161
117961
118110
119353
119484
119790
120529
120730
121014
121406
122530
122834
122898
123858
123882
124100
124333
124532
124860
125076
125227
125288
125840
125884
126099
126330
126802
127077
127110
127196
127269
127304
127828
128122
128241
128637
129154
129171
129195
129419
129467
129649
129657
129988
130150
130616
130738
131147
131272
131467
131624
131759
131822
132120
132463
132552
132652
132749
132803
133026
133117
133435
133515
133613
133702
133723
133766
133975
134027
134154
134418
134563
134579
134725
134735
134811
134952
134992
135022
135051
135053
135055
135181
135428
135529
135550
135743
135854
135875
135889
136059
136065
136109
136111
136124
136241
136252
136256
136358
136385
136506
136602
136716
136731
136754
136781
136821
136838
136847
137280
137283
137390
137422
137428
137457
137588
137644
137773
137807
137815
137861
138055
138078
138139
138163
138165
138169
138199
138370
138373
138380
138482
138490
138525
138722
138730
138811
138833
138838
138853
138914
138966
138986
138994
139108
139159
139211
139321
126521
126638
119078
123365
125054
138875
23004
118625
122200
127812
23087
23089
116177
116184
116322
118088
118182
118881
119050
119244
119372
119434
119493
119511
119677
119731
119851
119884
121634
125074
126616
128191
129699
130274
130773
130986
130997
131201
133407
133610
134101
134918
135595
136106
136355
137497
138551
138668
138753
139000
20136
20137
22300
22481
116771
119176
121072
121104
122220
124252
125783
127148
127322
128784
129876
130211
130263
130639
131375
133952
134550
135191
136397
136563
137064
137199
137341
137386
138378
138927
22595
23131
116281
118157
119006
119789
120050
121280
121634
121699
122339
122524
122779
123085
123125
123159
123407
123669
123741
123801
124096
124117
124256
124553
124859
125207
125367
125442
125509
126162
126357
126358
126626
126683
126989
127079
127206
127244
127281
127580
127593
127633
127879
127937
127962
128274
128406
128682
129099
129111
129145
129235
129277
129402
129708
129725
130029
130041
130057
130274
130371
130669
130676
130998
131504
131657
131690
131865
131934
132313
132336
132464
132469
132480
132551
132665
132783
132790
132863
132977
133250
133405
133581
133677
133783
133928
133946
133973
134004
134035
134169
134170
134395
134427
134472
134488
134686
135720
135722
135770
135820
135836
135850
135869
135918
135996
136083
136091
136123
136165
136224
136502
136510
136570
136596
136739
136771
136779
136946
136967
136987
137150
137171
137236
137272
137303
137307
137316
137375
137493
137592
137643
137686
137758
137854
137908
137973
138097
138126
138180
138252
138268
138294
138367
138429
138497
138628
138644
138795
138810
138815
138843
138998
139180
139187
139205
139348
21486
21975
120488
125430
128976
131118
136421
116126
128744
133280
134768
138845
118670
123400
124833
138353
22182
23237
116166
116422
117781
118278
118291
119520
119858
119924
119930
120618
120639
122265
123775
124221
124284
124946
125202
125546
127015
127456
127857
128467
129042
129216
129328
130290
130993
131356
131357
131413
131649
132179
132413
136168
136381
136478
136546
136579
136630
136928
137111
137953
138335
138432
138480
21899
23085
116996
117223
117465
117654
117895
119158
119278
119567
119774
119775
119923
120203
120551
120805
121029
121572
122222
122495
122680
122938
123471
123715
127129
127729
128079
128498
130498
131277
131373
132214
133186
133561
134308
135511
136027
136480
136734
137218
137676
138081
138463
138505
20873
22920
23093
23269
118162
118165
118540
119177
119539
119774
120454
121583
121930
121954
122677
122889
123042
123360
123983
124017
124478
124488
124649
124768
124800
124835
125202
125205
125322
125539
125546
125900
125904
125997
126326
126381
126549
126890
127097
127289
127714
127841
127899
128125
128282
128377
128521
128544
129102
129232
129532
129662
129668
129825
129856
130108
130193
130265
130416
130441
130476
130779
130789
130796
130899
130926
131078
131084
131096
131257
131356
131357
131393
131418
131497
131520
131712
131739
131829
131905
132174
132179
132785
132837
133022
133032
133186
133195
133229
133628
133675
133779
133828
133888
133901
133910
134008
134061
134103
134104
134126
134140
134255
134389
134470
134754
135229
135291
135340
135707
135726
135735
135806
135812
135986
136012
136056
136147
136178
136201
136477
136478
136488
136493
136518
136600
136622
136662
136664
136706
136819
136844
136954
136982
137020
137109
137363
137396
137398
137412
137417
137456
137499
137575
137662
137834
137928
138033
138084
138148
138208
138229
138324
138432
138433
138434
138445
138533
138563
138653
138663
138687
138751
138766
138777
138823
138850
138876
138910
138943
138946
139076
139201
139278
139291
139362
136545
117830
119723
130565
131901
136193
136971
137314
137781
123250
128849
130245
137047
138464
138495
116100
116757
117999
118286
118312
118380
118685
119561
119596
120022
121463
122467
122537
122567
122910
122972
123513
123879
123995
124343
124738
126908
128675
129764
130996
131408
132138
132938
133395
134908
135522
135974
136090
136864
137034
137570
137763
138118
138221
138350
138763
139029
139035
117206
118878
119080
119092
119195
119986
120128
120130
120190
123334
123381
126649
127108
128022
129392
129671
131537
132393
132399
133113
134445
134626
134726
134827
135756
136031
136773
138272
138298
138299
139204
139408
21246
22157
23044
23246
116966
117561
118986
121034
121609
121621
122261
122382
122493
122806
122924
123621
123811
123995
124206
124326
124432
124433
124738
124739
124837
124885
125002
125016
125048
125116
125196
125251
125318
125432
126546
126704
126783
126853
126977
126983
127462
127740
127809
127984
128058
128123
128383
128399
128793
128996
129076
129110
129127
129392
129492
129548
129677
130141
130376
130383
130650
130775
130811
130927
130942
131053
131229
131241
131340
132138
132225
132429
132461
132478
132529
132556
132651
132866
132874
132888
132997
133006
133029
133192
133454
133660
134029
134059
134171
134445
134626
134747
134838
134887
134942
135052
135139
135310
135370
135478
135532
135576
135615
135683
135760
135766
135772
135914
135928
135997
136044
136077
136235
136317
136349
136384
136450
136575
136705
136782
136803
136812
136936
137403
137461
137541
137549
137577
137599
137629
137672
137886
137894
137915
137987
137992
138005
138201
138220
138223
138271
138363
138401
138496
138518
138556
138564
138820
138866
138920
138938
138942
138970
139017
139035
139127
139204
139290
139303
139305
139318
131286
132938
133896
136021
137754
137786
127101
128875
116384
136309
138733
117917
118128
118336
118359
118362
118887
119232
120175
120230
120928
120938
121229
122362
122476
123307
123394
123395
124679
124721
125988
126347
126924
127313
127431
127772
128198
129262
129879
130307
130320
130481
131036
131789
131906
133596
134679
135314
136154
136712
138987
139066
116349
116356
116534
117559
118251
119388
119770
119908
120016
120021
120386
121299
122270
122853
123326
123403
124276
124705
124803
125197
125899
127803
128044
128281
129781
130086
130656
131450
135533
135855
135906
137586
137972
138366
139146
139249
20514
22606
23223
118176
118262
119478
121869
122858
123035
123122
123744
124276
124368
124417
124428
124721
124803
125197
125746
125775
125836
125899
126101
126262
126332
126530
126596
126841
126879
126894
127007
127283
127595
127914
128117
128198
128215
128322
128332
129014
129093
129244
129310
129605
129616
129746
129840
129849
129903
130001
130078
130162
130660
131075
131134
131216
131234
131288
131308
131638
131768
131919
132386
132424
132554
132598
132604
132622
132704
132726
132811
132975
133115
133277
133481
133606
133644
133724
133770
133777
133926
133996
134010
134083
134204
134240
134279
134296
134417
134498
134883
135224
135285
135336
135349
135410
135577
135754
135816
136114
136140
136154
136239
136379
136422
136460
136513
136590
136673
136719
136787
136860
136970
137054
137075
137216
137401
137449
137531
137568
137636
137945
137952
138040
138259
138282
138425
138502
138507
138530
138561
138591
138717
138832
138877
138950
139069
139081
139121
139153
139174
139214
139221
139265
139266
139283
117577
137664
23117
118595
131203
138359
135746
22525
117084
118319
118420
120234
122511
122744
123632
129017
129282
129536
131248
131660
132929
133037
133179
133609
133891
134606
134835
135504
136654
136745
137294
137353
137628
137913
138869
139050
22661
116745
117671
117674
119432
119573
122396
122603
123011
123216
123264
123424
123925
124265
124661
127876
127960
128776
128980
129103
130528
131563
132262
133954
134350
134987
135084
135403
136387
136811
136881
137175
137571
138406
138787
22740
22842
23067
23180
118180
118415
118476
120213
120747
121692
121892
122603
122798
122842
123007
123419
123875
123980
124265
124270
124330
124339
124416
124468
124540
124637
124809
125913
126007
126359
126489
126600
126997
127145
127293
127676
127960
127987
128474
129201
129411
129428
129637
129690
130386
130388
130518
130533
130568
130652
130671
130707
130860
131154
131180
131276
131641
131877
132061
132302
132436
132760
132855
132929
132942
132963
133010
133063
133103
133428
133474
133579
133590
133698
133823
133918
133929
133950
133970
134136
134187
134297
134382
134617
134656
134685
134728
134879
134971
135046
135501
135523
135689
135741
135893
135900
135940
136032
136132
136262
136562
136668
136692
136800
136811
136900
136905
136908
136918
136921
136965
137027
137058
137077
137330
137578
137710
137729
137768
137774
137776
137842
137916
137929
137950
138000
138240
138280
138306
138395
138435
138461
138470
138546
138549
138553
138661
138679
138707
138779
138787
138846
138864
138886
138897
138975
139009
139056
139079
139112
139128
139135
139144
139203
139309
139310
129910
131954
136409
121407
121408
121409
134753
135956
136678
136801
118475
128014
20561
23107
116214
118168
118224
118260
118895
121055
123053
123487
124865
127514
128696
129214
129475
130282
131022
131748
132102
132215
132358
132658
134100
135114
136631
137603
137653
138096
138128
138144
138534
138863
138964
139302
116593
117786
117846
118629
120252
120290
120361
120461
120888
121604
122225
123663
123761
124407
126244
126488
128754
131150
131429
131677
131912
132825
132980
133151
134360
134551
135342
135819
136443
136996
137003
137468
138799
139158
139239
139417
21677
22058
22358
23001
23207
118170
118787
118862
121009
121021
121098
121486
121887
122079
122395
122463
123145
123275
123559
123663
123756
123759
123832
123935
124060
124231
124400
124623
124706
124913
124919
124990
125060
125061
125211
125282
125365
125392
125528
125896
126145
126631
126764
126831
126919
126946
127046
127425
127544
127687
127910
128260
128284
128362
128447
128696
129214
129307
129346
129451
129771
129823
129837
129986
130070
130262
130338
130463
130552
130782
130784
130806
130971
131048
131183
131197
131294
131362
131496
131536
131551
131807
132346
132359
132408
132435
132656
132668
132678
132735
132764
132796
132956
133018
133554
133619
133859
133878
133955
134044
134320
134532
134603
134881
135006
135160
135204
135207
135716
135794
135837
135870
135897
135916
135921
135953
136024
136084
136182
136217
136403
136407
136476
136483
136538
136548
136571
136702
136796
136859
136893
137040
137174
137221
137301
137323
137358
137496
137530
137539
137602
137711
137770
137783
137901
137924
137931
137954
138031
138121
138128
138261
138290
138333
138355
138381
138422
138467
138567
138573
138597
138665
138671
138712
138792
138799
138817
138951
138980
139040
139073
139175
139296
139307
21048
117847
130541
137895
139065
23005
128754
135911
138592
